  0.742832E-04  0.483898E+06  0.483898E+06  0.644882E+06  0.644864E+06  0.517900E+06  0.482594E+06  0.102963E+01  0.484076E+06
  0.122472E-03  0.483882E+06  0.483881E+06  0.644319E+06  0.644269E+06  0.517624E+06  0.482578E+06  0.102961E+01  0.484058E+06
  0.201923E-03  0.483838E+06  0.483834E+06  0.642791E+06  0.642655E+06  0.516876E+06  0.482534E+06  0.102956E+01  0.484010E+06
  0.332914E-03  0.483718E+06  0.483708E+06  0.638653E+06  0.638285E+06  0.514848E+06  0.482414E+06  0.102943E+01  0.483879E+06
  0.548882E-03  0.483392E+06  0.483365E+06  0.627524E+06  0.626543E+06  0.509381E+06  0.482088E+06  0.102908E+01  0.483524E+06
  0.904954E-03  0.482514E+06  0.482441E+06  0.598140E+06  0.595614E+06  0.494846E+06  0.481209E+06  0.102814E+01  0.482566E+06
  0.149202E-02  0.480174E+06  0.479975E+06  0.524367E+06  0.518464E+06  0.457652E+06  0.478868E+06  0.102572E+01  0.480022E+06
  0.245992E-02  0.474132E+06  0.473595E+06  0.363273E+06  0.352887E+06  0.371881E+06  0.472822E+06  0.101999E+01  0.473505E+06
  0.405572E-02  0.459728E+06  0.458291E+06  0.127479E+06  0.120856E+06  0.222905E+06  0.458406E+06  0.100934E+01  0.458243E+06
  0.459574E-02  0.454048E+06  0.452214E+06  0.803010E+05  0.767906E+05  0.183220E+06  0.452720E+06  0.100625E+01  0.452318E+06
  0.520765E-02  0.447337E+06  0.445001E+06  0.481857E+05  0.473739E+05  0.147846E+06  0.446001E+06  0.100332E+01  0.445370E+06
  0.590104E-02  0.439531E+06  0.436562E+06  0.327658E+05  0.327376E+05  0.121889E+06  0.438183E+06  0.100078E+01  0.437361E+06
  0.668676E-02  0.430573E+06  0.426807E+06  0.298778E+05  0.277776E+05  0.102090E+06  0.429209E+06  0.998750E+00  0.428210E+06
  0.757709E-02  0.420437E+06  0.415674E+06  0.301181E+05  0.243244E+05  0.882161E+05  0.419050E+06  0.997246E+00  0.417884E+06
  0.858597E-02  0.409082E+06  0.403079E+06  0.248376E+05  0.175485E+05  0.763834E+05  0.407662E+06  0.996100E+00  0.406315E+06
  0.972917E-02  0.396461E+06  0.388924E+06  0.147157E+05  0.108838E+05  0.634989E+05  0.394992E+06  0.995120E+00  0.393430E+06
  0.110246E-01  0.382516E+06  0.373100E+06  0.940148E+04  0.994084E+04  0.505527E+05  0.380974E+06  0.994261E+00  0.379169E+06
  0.124925E-01  0.367188E+06  0.355497E+06  0.000000E+00  0.000000E+00  0.404576E+05  0.365538E+06  0.993551E+00  0.363480E+06
  0.141559E-01  0.350434E+06  0.336029E+06  0.000000E+00  0.000000E+00  0.334879E+05  0.348622E+06  0.993007E+00  0.346313E+06
  0.160407E-01  0.332220E+06  0.314644E+06  0.000000E+00  0.000000E+00  0.265937E+05  0.330167E+06  0.992566E+00  0.327616E+06
  0.181765E-01  0.312539E+06  0.291356E+06  0.000000E+00  0.000000E+00  0.198736E+05  0.310128E+06  0.992190E+00  0.307387E+06
  0.205967E-01  0.291411E+06  0.266277E+06  0.000000E+00  0.000000E+00  0.153531E+05  0.288430E+06  0.991866E+00  0.285671E+06
  0.233391E-01  0.268990E+06  0.239766E+06  0.000000E+00  0.000000E+00  0.117078E+05  0.265195E+06  0.991581E+00  0.262649E+06
  0.264466E-01  0.245506E+06  0.212402E+06  0.000000E+00  0.000000E+00  0.853175E+04  0.240516E+06  0.991304E+00  0.238608E+06
  0.299680E-01  0.221361E+06  0.185108E+06  0.000000E+00  0.000000E+00  0.637484E+04  0.214647E+06  0.991012E+00  0.214039E+06
  0.339582E-01  0.197154E+06  0.159166E+06  0.000000E+00  0.000000E+00  0.474544E+04  0.188021E+06  0.990677E+00  0.189654E+06
  0.384796E-01  0.174848E+06  0.137257E+06  0.000000E+00  0.000000E+00  0.329696E+04  0.162471E+06  0.990305E+00  0.167525E+06
  0.436031E-01  0.153098E+06  0.118606E+06  0.000000E+00  0.000000E+00  0.238376E+04  0.136703E+06  0.989756E+00  0.146414E+06
  0.494088E-01  0.133106E+06  0.104383E+06  0.000000E+00  0.000000E+00  0.155456E+04  0.112280E+06  0.989022E+00  0.127508E+06
  0.559875E-01  0.116766E+06  0.954239E+05  0.000000E+00  0.000000E+00  0.119679E+04  0.917801E+05  0.988124E+00  0.112514E+06
  0.634422E-01  0.102378E+06  0.878834E+05  0.000000E+00  0.000000E+00  0.787740E+03  0.745514E+05  0.986825E+00  0.993688E+05
  0.708705E-01  0.905987E+05  0.797059E+05  0.000000E+00  0.000000E+00  0.541310E+03  0.616103E+05  0.985139E+00  0.882656E+05
  0.782988E-01  0.804904E+05  0.700440E+05  0.000000E+00  0.000000E+00  0.500682E+03  0.506851E+05  0.982972E+00  0.782862E+05
  0.857271E-01  0.710483E+05  0.592889E+05  0.000000E+00  0.000000E+00  0.376302E+03  0.402777E+05  0.980525E+00  0.686685E+05
  0.931555E-01  0.627106E+05  0.496340E+05  0.000000E+00  0.000000E+00  0.278620E+03  0.313826E+05  0.978216E+00  0.601488E+05
  0.100584E+00  0.559307E+05  0.427573E+05  0.000000E+00  0.000000E+00  0.212692E+03  0.249945E+05  0.975922E+00  0.533875E+05
  0.108012E+00  0.508254E+05  0.390367E+05  0.000000E+00  0.000000E+00  0.166683E+03  0.205715E+05  0.973220E+00  0.485453E+05
  0.115440E+00  0.470721E+05  0.375708E+05  0.000000E+00  0.000000E+00  0.139437E+03  0.170100E+05  0.970520E+00  0.452025E+05
  0.122869E+00  0.440874E+05  0.368382E+05  0.000000E+00  0.000000E+00  0.115424E+03  0.141013E+05  0.968329E+00  0.426183E+05
  0.130297E+00  0.413362E+05  0.355457E+05  0.000000E+00  0.000000E+00  0.970256E+02  0.118571E+05  0.966031E+00  0.401307E+05
  0.137725E+00  0.385327E+05  0.331576E+05  0.000000E+00  0.000000E+00  0.804075E+02  0.982510E+04  0.963454E+00  0.374128E+05
  0.145154E+00  0.356448E+05  0.299118E+05  0.000000E+00  0.000000E+00  0.676650E+02  0.793847E+04  0.961375E+00  0.344787E+05
  0.152582E+00  0.328379E+05  0.265243E+05  0.000000E+00  0.000000E+00  0.552702E+02  0.646063E+04  0.959445E+00  0.315872E+05
  0.160010E+00  0.303750E+05  0.237725E+05  0.000000E+00  0.000000E+00  0.470303E+02  0.528204E+04  0.957299E+00  0.290878E+05
  0.167439E+00  0.283992E+05  0.220464E+05  0.000000E+00  0.000000E+00  0.401325E+02  0.433320E+04  0.955696E+00  0.271649E+05
  0.174867E+00  0.268553E+05  0.212153E+05  0.000000E+00  0.000000E+00  0.349161E+02  0.365598E+04  0.954241E+00  0.257509E+05
  0.182295E+00  0.256072E+05  0.208536E+05  0.000000E+00  0.000000E+00  0.302227E+02  0.310437E+04  0.952660E+00  0.246609E+05
  0.189724E+00  0.244858E+05  0.204723E+05  0.000000E+00  0.000000E+00  0.273431E+02  0.263201E+04  0.951546E+00  0.236718E+05
  0.197152E+00  0.233405E+05  0.197263E+05  0.000000E+00  0.000000E+00  0.244221E+02  0.224775E+04  0.950323E+00  0.226008E+05
  0.204580E+00  0.221284E+05  0.185672E+05  0.000000E+00  0.000000E+00  0.210312E+02  0.188454E+04  0.949188E+00  0.214040E+05
  0.212009E+00  0.208952E+05  0.171873E+05  0.000000E+00  0.000000E+00  0.184114E+02  0.158605E+04  0.948339E+00  0.201522E+05
  0.219437E+00  0.197216E+05  0.158660E+05  0.000000E+00  0.000000E+00  0.164279E+02  0.133322E+04  0.947284E+00  0.189594E+05
  0.232732E+00  0.180021E+05  0.142851E+05  0.000000E+00  0.000000E+00  0.133069E+02  0.999169E+03  0.946029E+00  0.172726E+05
  0.246833E+00  0.166797E+05  0.135864E+05  0.000000E+00  0.000000E+00  0.107703E+02  0.757714E+03  0.944978E+00  0.160637E+05
  0.261788E+00  0.154580E+05  0.128483E+05  0.000000E+00  0.000000E+00  0.919296E+01  0.571715E+03  0.944028E+00  0.149311E+05
  0.277649E+00  0.141130E+05  0.115454E+05  0.000000E+00  0.000000E+00  0.728574E+01  0.421757E+03  0.943129E+00  0.136003E+05
  0.294471E+00  0.128456E+05  0.103295E+05  0.000000E+00  0.000000E+00  0.600637E+01  0.308091E+03  0.942321E+00  0.123483E+05
  0.312313E+00  0.118251E+05  0.964046E+04  0.000000E+00  0.000000E+00  0.486114E+01  0.225547E+03  0.941800E+00  0.113899E+05
  0.331235E+00  0.108795E+05  0.894831E+04  0.000000E+00  0.000000E+00  0.404495E+01  0.168125E+03  0.941462E+00  0.104925E+05
  0.351304E+00  0.991261E+04  0.805136E+04  0.000000E+00  0.000000E+00  0.319522E+01  0.120626E+03  0.940898E+00  0.954262E+04
  0.372589E+00  0.906724E+04  0.737354E+04  0.000000E+00  0.000000E+00  0.263272E+01  0.894003E+02  0.940578E+00  0.873031E+04
  0.395164E+00  0.831633E+04  0.680895E+04  0.000000E+00  0.000000E+00  0.217011E+01  0.654477E+02  0.940416E+00  0.801518E+04
  0.419106E+00  0.758358E+04  0.617175E+04  0.000000E+00  0.000000E+00  0.175399E+01  0.474411E+02  0.940173E+00  0.730259E+04
  0.444499E+00  0.693082E+04  0.565227E+04  0.000000E+00  0.000000E+00  0.139498E+01  0.340306E+02  0.939908E+00  0.667602E+04
  0.620348E+00  0.411205E+04  0.335356E+04  0.000000E+00  0.000000E+00  0.426512E+00  0.520369E+01  0.939579E+00  0.396089E+04
  0.865765E+00  0.240494E+04  0.196180E+04  0.000000E+00  0.000000E+00  0.131233E+00  0.884679E+00  0.939370E+00  0.231661E+04
  0.120827E+01  0.138938E+04  0.113347E+04  0.000000E+00  0.000000E+00  0.385153E-01  0.133221E+00  0.939214E+00  0.133837E+04
  0.168628E+01  0.794294E+03  0.648037E+03  0.000000E+00  0.000000E+00  0.112092E-01  0.172085E-01  0.939550E+00  0.765138E+03
  0.235339E+01  0.449997E+03  0.367155E+03  0.000000E+00  0.000000E+00  0.324527E-02  0.838320E-03  0.939517E+00  0.433483E+03
  0.328442E+01  0.252952E+03  0.206391E+03  0.000000E+00  0.000000E+00  0.771444E-03  0.608699E-03  0.939045E+00  0.243670E+03
  0.458378E+01  0.141223E+03  0.115229E+03  0.000000E+00  0.000000E+00  0.272116E-03  0.184427E-03  0.939791E+00  0.136041E+03
  0.639719E+01  0.783755E+02  0.639487E+02  0.000000E+00  0.000000E+00  0.512625E-04 -0.707350E-04  0.938377E+00  0.754994E+02
