#          k/h    CDM            baryon         photon         nu             mass_nu        total          no_nu          total_de       Weyl           v_CDM          v_b            v_b-v_c     
   0.121299E-04   0.203672E+08   0.203672E+08   0.271345E+08   0.271344E+08   0.000000E+00   0.203672E+08   0.203672E+08   0.203756E+08  -0.458052E+00   0.993895E+07   0.993895E+07   0.747047E-02
   0.148154E-04   0.203672E+08   0.203672E+08   0.271237E+08   0.271237E+08   0.000000E+00   0.203672E+08   0.203672E+08   0.203756E+08  -0.458051E+00   0.993894E+07   0.993894E+07   0.912427E-02
   0.180956E-04   0.203671E+08   0.203671E+08   0.271077E+08   0.271077E+08   0.000000E+00   0.203671E+08   0.203671E+08   0.203756E+08  -0.458050E+00   0.993892E+07   0.993892E+07   0.111441E-01
   0.221020E-04   0.203671E+08   0.203671E+08   0.270839E+08   0.270838E+08   0.000000E+00   0.203671E+08   0.203671E+08   0.203755E+08  -0.458049E+00   0.993890E+07   0.993890E+07   0.136109E-01
   0.269955E-04   0.203670E+08   0.203670E+08   0.270483E+08   0.270481E+08   0.000000E+00   0.203670E+08   0.203670E+08   0.203754E+08  -0.458047E+00   0.993886E+07   0.993886E+07   0.166233E-01
   0.329724E-04   0.203669E+08   0.203669E+08   0.269953E+08   0.269951E+08   0.000000E+00   0.203669E+08   0.203669E+08   0.203753E+08  -0.458044E+00   0.993881E+07   0.993881E+07   0.203018E-01
   0.402725E-04   0.203667E+08   0.203667E+08   0.269165E+08   0.269161E+08   0.000000E+00   0.203667E+08   0.203667E+08   0.203751E+08  -0.458039E+00   0.993873E+07   0.993873E+07   0.247932E-01
   0.491890E-04   0.203665E+08   0.203665E+08   0.267992E+08   0.267987E+08   0.000000E+00   0.203665E+08   0.203665E+08   0.203748E+08  -0.458032E+00   0.993861E+07   0.993861E+07   0.302762E-01
   0.600796E-04   0.203662E+08   0.203662E+08   0.266251E+08   0.266243E+08   0.000000E+00   0.203662E+08   0.203662E+08   0.203744E+08  -0.458022E+00   0.993844E+07   0.993844E+07   0.369679E-01
   0.733814E-04   0.203656E+08   0.203656E+08   0.263673E+08   0.263662E+08   0.000000E+00   0.203656E+08   0.203656E+08   0.203738E+08  -0.458007E+00   0.993817E+07   0.993817E+07   0.451317E-01
   0.896282E-04   0.203648E+08   0.203648E+08   0.259870E+08   0.259853E+08   0.000000E+00   0.203648E+08   0.203648E+08   0.203729E+08  -0.457984E+00   0.993778E+07   0.993778E+07   0.550860E-01
   0.109472E-03   0.203636E+08   0.203636E+08   0.254288E+08   0.254263E+08   0.000000E+00   0.203636E+08   0.203636E+08   0.203716E+08  -0.457950E+00   0.993719E+07   0.993719E+07   0.672133E-01
   0.133710E-03   0.203619E+08   0.203619E+08   0.246164E+08   0.246127E+08   0.000000E+00   0.203619E+08   0.203619E+08   0.203696E+08  -0.457900E+00   0.993632E+07   0.993632E+07   0.819702E-01
   0.163313E-03   0.203593E+08   0.203593E+08   0.234484E+08   0.234430E+08   0.000000E+00   0.203593E+08   0.203593E+08   0.203666E+08  -0.457825E+00   0.993503E+07   0.993503E+07   0.998950E-01
   0.199471E-03   0.203554E+08   0.203554E+08   0.217995E+08   0.217919E+08   0.000000E+00   0.203554E+08   0.203554E+08   0.203622E+08  -0.457716E+00   0.993312E+07   0.993312E+07   0.121612E+00
   0.243635E-03   0.203498E+08   0.203498E+08   0.195362E+08   0.195256E+08   0.000000E+00   0.203498E+08   0.203498E+08   0.203558E+08  -0.457557E+00   0.993029E+07   0.993029E+07   0.147830E+00
   0.297576E-03   0.203414E+08   0.203414E+08   0.165589E+08   0.165444E+08   0.000000E+00   0.203414E+08   0.203414E+08   0.203466E+08  -0.457326E+00   0.992614E+07   0.992614E+07   0.179323E+00
   0.363460E-03   0.203292E+08   0.203292E+08   0.128912E+08   0.128721E+08   0.000000E+00   0.203292E+08   0.203292E+08   0.203332E+08  -0.456997E+00   0.992008E+07   0.992008E+07   0.216907E+00
   0.443931E-03   0.203116E+08   0.203116E+08   0.881654E+07   0.879197E+07   0.000000E+00   0.203116E+08   0.203116E+08   0.203143E+08  -0.456534E+00   0.991131E+07   0.991131E+07   0.261404E+00
   0.542219E-03   0.202865E+08   0.202864E+08   0.498857E+07   0.495713E+07   0.000000E+00   0.202865E+08   0.202865E+08   0.202880E+08  -0.455898E+00   0.989881E+07   0.989881E+07   0.313630E+00
   0.662268E-03   0.202511E+08   0.202511E+08   0.229105E+07   0.224992E+07   0.000000E+00   0.202511E+08   0.202511E+08   0.202518E+08  -0.455039E+00   0.988126E+07   0.988126E+07   0.374474E+00
   0.808896E-03   0.202023E+08   0.202023E+08   0.117674E+07   0.112363E+07   0.000000E+00   0.202023E+08   0.202023E+08   0.202027E+08  -0.453898E+00   0.985710E+07   0.985710E+07   0.445092E+00
   0.987987E-03   0.201361E+08   0.201360E+08   0.913934E+06   0.856154E+06   0.000000E+00   0.201361E+08   0.201361E+08   0.201364E+08  -0.452387E+00   0.982445E+07   0.982445E+07   0.527100E+00
   0.120673E-02   0.200475E+08   0.200473E+08   0.438914E+06   0.392915E+06   0.000000E+00   0.200475E+08   0.200475E+08   0.200476E+08  -0.450382E+00   0.978098E+07   0.978098E+07   0.622494E+00
   0.147390E-02   0.199304E+08   0.199302E+08   0.168141E+06   0.121675E+06   0.000000E+00   0.199304E+08   0.199304E+08   0.199304E+08  -0.447741E+00   0.972369E+07   0.972369E+07   0.733372E+00
   0.180023E-02   0.197776E+08   0.197772E+08  -0.206000E+06  -0.206001E+06   0.000000E+00   0.197775E+08   0.197775E+08   0.197775E+08  -0.444299E+00   0.964906E+07   0.964906E+07   0.862079E+00
   0.219881E-02   0.195804E+08   0.195797E+08  -0.136695E+06  -0.136696E+06   0.000000E+00   0.195803E+08   0.195803E+08   0.195802E+08  -0.439864E+00   0.955272E+07   0.955272E+07   0.101138E+01
   0.268563E-02   0.193290E+08   0.193281E+08  -0.904468E+05  -0.904470E+05   0.000000E+00   0.193288E+08   0.193288E+08   0.193288E+08  -0.434214E+00   0.942998E+07   0.942998E+07   0.118428E+01
   0.328023E-02   0.190127E+08   0.190114E+08  -0.596332E+05  -0.596333E+05   0.000000E+00   0.190125E+08   0.190125E+08   0.190125E+08  -0.427107E+00   0.927560E+07   0.927559E+07   0.138412E+01
   0.400649E-02   0.186201E+08   0.186181E+08  -0.391464E+05  -0.391464E+05   0.000000E+00   0.186198E+08   0.186198E+08   0.186198E+08  -0.418284E+00   0.908397E+07   0.908395E+07   0.161440E+01
   0.489353E-02   0.181393E+08   0.181363E+08  -0.255622E+05  -0.255622E+05   0.000000E+00   0.181388E+08   0.181388E+08   0.181388E+08  -0.407478E+00   0.884929E+07   0.884926E+07   0.187855E+01
   0.597698E-02   0.175583E+08   0.175540E+08  -0.165856E+05  -0.165856E+05   0.000000E+00   0.175576E+08   0.175576E+08   0.175576E+08  -0.394421E+00   0.856572E+07   0.856568E+07   0.217927E+01
   0.730029E-02   0.168653E+08   0.168591E+08  -0.106786E+05  -0.106786E+05   0.000000E+00   0.168643E+08   0.168643E+08   0.168643E+08  -0.378846E+00   0.822749E+07   0.822743E+07   0.251730E+01
   0.891660E-02   0.160489E+08   0.160399E+08  -0.681130E+04  -0.681131E+04   0.000000E+00   0.160474E+08   0.160474E+08   0.160474E+08  -0.360495E+00   0.782895E+07   0.782888E+07   0.288922E+01
   0.108908E-01   0.150978E+08   0.150850E+08  -0.429498E+04  -0.429498E+04   0.000000E+00   0.150957E+08   0.150957E+08   0.150957E+08  -0.339116E+00   0.736465E+07   0.736454E+07   0.328374E+01
   0.133020E-01   0.140021E+08   0.139842E+08  -0.266987E+04  -0.266988E+04   0.000000E+00   0.139990E+08   0.139990E+08   0.139990E+08  -0.314480E+00   0.682965E+07   0.682950E+07   0.367586E+01
   0.162471E-01   0.127552E+08   0.127308E+08  -0.163014E+04  -0.163014E+04   0.000000E+00   0.127511E+08   0.127511E+08   0.127511E+08  -0.286446E+00   0.622082E+07   0.622062E+07   0.401904E+01
   0.198443E-01   0.113612E+08   0.113292E+08  -0.973162E+03  -0.973164E+03   0.000000E+00   0.113558E+08   0.113558E+08   0.113558E+08  -0.255102E+00   0.554014E+07   0.553988E+07   0.423681E+01
   0.242378E-01   0.984768E+07   0.980770E+07  -0.565320E+03  -0.565321E+03   0.000000E+00   0.984096E+07   0.984096E+07   0.984096E+07  -0.221071E+00   0.480109E+07   0.480079E+07   0.422045E+01
   0.296042E-01   0.828537E+07   0.823944E+07  -0.318754E+03  -0.318754E+03   0.000000E+00   0.827766E+07   0.827766E+07   0.827766E+07  -0.185953E+00   0.403842E+07   0.403808E+07   0.384757E+01
   0.361586E-01   0.685336E+07   0.680680E+07  -0.176703E+03  -0.176704E+03   0.000000E+00   0.684555E+07   0.684555E+07   0.684555E+07  -0.153781E+00   0.333974E+07   0.333941E+07   0.304799E+01
   0.441642E-01   0.558993E+07   0.555102E+07  -0.966084E+02  -0.966086E+02   0.000000E+00   0.558340E+07   0.558340E+07   0.558340E+07  -0.125428E+00   0.272398E+07   0.272372E+07   0.191669E+01
   0.539423E-01   0.469858E+07   0.467393E+07  -0.544460E+02  -0.544461E+02   0.000000E+00   0.469444E+07   0.469444E+07   0.469444E+07  -0.105458E+00   0.229027E+07   0.229013E+07   0.829008E+00
   0.658853E-01   0.395657E+07   0.394312E+07  -0.307412E+02  -0.307413E+02   0.000000E+00   0.395431E+07   0.395431E+07   0.395431E+07  -0.888313E-01   0.192917E+07   0.192911E+07   0.285299E+00
   0.804724E-01   0.314289E+07   0.312871E+07  -0.163661E+02  -0.163661E+02   0.000000E+00   0.314051E+07   0.314051E+07   0.314051E+07  -0.705497E-01   0.153215E+07   0.153207E+07   0.344511E+00
   0.982893E-01   0.236009E+07   0.234405E+07  -0.823524E+01  -0.823525E+01   0.000000E+00   0.235740E+07   0.235740E+07   0.235740E+07  -0.529575E-01   0.115010E+07   0.115000E+07   0.353249E+00
   0.120051E+00   0.192456E+07   0.191658E+07  -0.450330E+01  -0.450331E+01   0.000000E+00   0.192322E+07   0.192322E+07   0.192322E+07  -0.432040E-01   0.938273E+06   0.938235E+06   0.105915E+00
   0.146630E+00   0.145945E+07   0.145144E+07  -0.228869E+01  -0.228869E+01   0.000000E+00   0.145810E+07   0.145810E+07   0.145810E+07  -0.327555E-01   0.711363E+06   0.711315E+06   0.111062E+00
   0.179095E+00   0.112719E+07   0.112202E+07  -0.118504E+01  -0.118505E+01   0.000000E+00   0.112632E+07   0.112632E+07   0.112632E+07  -0.253022E-01   0.549496E+06   0.549470E+06   0.501132E-01
   0.218747E+00   0.836856E+06   0.832082E+06  -0.589654E+00  -0.589656E+00   0.000000E+00   0.836055E+06   0.836055E+06   0.836055E+06  -0.187815E-01   0.407885E+06   0.407856E+06   0.436256E-01
   0.267178E+00   0.636677E+06   0.633450E+06  -0.300739E+00  -0.300739E+00   0.000000E+00   0.636135E+06   0.636135E+06   0.636135E+06  -0.142904E-01   0.310350E+06   0.310332E+06   0.229998E-01
   0.326332E+00   0.474641E+06   0.472272E+06  -0.150288E+00  -0.150288E+00   0.000000E+00   0.474244E+06   0.474244E+06   0.474244E+06  -0.106536E-01   0.231368E+06   0.231355E+06   0.136203E-01
   0.398583E+00   0.350257E+06   0.348477E+06  -0.743395E-01  -0.743397E-01   0.000000E+00   0.349958E+06   0.349958E+06   0.349958E+06  -0.786159E-02   0.170733E+06   0.170723E+06   0.841318E-02
   0.486830E+00   0.257559E+06   0.256263E+06  -0.366434E-01  -0.366435E-01   0.000000E+00   0.257342E+06   0.257342E+06   0.257342E+06  -0.578103E-02   0.125549E+06   0.125541E+06   0.498396E-02
   0.594615E+00   0.188190E+06   0.187243E+06  -0.179472E-01  -0.179473E-01   0.000000E+00   0.188031E+06   0.188031E+06   0.188031E+06  -0.422400E-02   0.917342E+05   0.917289E+05   0.298220E-02
   0.726265E+00   0.136783E+06   0.136095E+06  -0.874408E-02  -0.874410E-02   0.000000E+00   0.136667E+06   0.136667E+06   0.136667E+06  -0.307014E-02   0.666754E+05   0.666716E+05   0.177213E-02
   0.887062E+00   0.989365E+05   0.984391E+05  -0.423957E-02  -0.423958E-02   0.000000E+00   0.988530E+05   0.988530E+05   0.988530E+05  -0.222067E-02   0.482272E+05   0.482244E+05   0.104928E-02
   0.108346E+01   0.712509E+05   0.708928E+05  -0.204663E-02  -0.204663E-02   0.000000E+00   0.711908E+05   0.711908E+05   0.711908E+05  -0.159926E-02   0.347317E+05   0.347296E+05   0.619001E-03
   0.132334E+01   0.511091E+05   0.508523E+05  -0.984077E-03  -0.984079E-03   0.000000E+00   0.510660E+05   0.510660E+05   0.510660E+05  -0.114717E-02   0.249135E+05   0.249120E+05   0.363983E-03
   0.161633E+01   0.365280E+05   0.363445E+05  -0.471454E-03  -0.471454E-03   0.000000E+00   0.364972E+05   0.364972E+05   0.364972E+05  -0.819888E-03   0.178058E+05   0.178048E+05   0.213466E-03
   0.197419E+01   0.260204E+05   0.258897E+05  -0.225117E-03  -0.225118E-03   0.000000E+00   0.259984E+05   0.259984E+05   0.259984E+05  -0.584040E-03   0.126838E+05   0.126831E+05   0.124955E-03
   0.241128E+01   0.184790E+05   0.183862E+05  -0.107166E-03  -0.107166E-03   0.000000E+00   0.184634E+05   0.184634E+05   0.184634E+05  -0.414770E-03   0.900772E+04   0.900719E+04   0.730731E-04
   0.294515E+01   0.130868E+05   0.130210E+05  -0.508737E-04  -0.508738E-04   0.000000E+00   0.130758E+05   0.130758E+05   0.130758E+05  -0.293739E-03   0.637924E+04   0.637887E+04   0.427416E-04
   0.359721E+01   0.924425E+04   0.919778E+04  -0.240887E-04  -0.240887E-04   0.000000E+00   0.923645E+04   0.923645E+04   0.923645E+04  -0.207491E-03   0.450616E+04   0.450589E+04   0.250451E-04
   0.439365E+01   0.651452E+04   0.648175E+04  -0.113791E-04  -0.113791E-04   0.000000E+00   0.650901E+04   0.650901E+04   0.650901E+04  -0.146221E-03   0.317554E+04   0.317534E+04   0.147335E-04
   0.536641E+01   0.458081E+04   0.455774E+04  -0.536350E-05  -0.536351E-05   0.000000E+00   0.457693E+04   0.457693E+04   0.457693E+04  -0.102818E-03   0.223294E+04   0.223280E+04   0.872679E-05
